0.5314998
3.4701824E-4
0.0
3.476739E-4
3.3324957E-4
1.4364719E-5
3.476739E-4
3.1888485E-4
6.8092346E-4
7.882714E-4
0.003125906
0.0031050444
0.0031046271
0.0032057762
0.012287259
3.3468008E-4
0.012817025
0.012824833
0.024211824
0.027967155
0.05536717
0.06195903
0.15314424
0.030059218
0.03068769
0.0464226
0.015814066
0.44759643
0.11908305
0.4877367
0.084410906
0.030576706
0.3908429
0.6605284
0.36327052
0.18485188
0.84912777
0.26165676
0.12891865
0.15624523
1.3674126
0.5948267
1.1481905
1.3911171
0.51462936
0.108760834
0.06298542
0.12404823
0.16836357
0.13335228
0.18271637
0.4244566
0.47959995
1.3217125
0.8468027
0.4623146
0.9679432
0.75428677
0.7114315
0.3523693
0.094846725
1.9818344
0.098926544
0.52109146
0.19478607
0.300766
1.6227455
0.05578804
0.3319111
0.70830536
0.037305832
0.76989174
0.041324615
0.3293152
0.16210938
1.1722698
0.22183418
0.28341675
0.008150101
0.64686775
0.12220192
0.7013798
0.43105125
0.898407
0.07668114
1.329977
0.9212551
0.07603645
2.2489967
0.14810562
0.062461853
0.25645447
0.38611984
0.20867538
3.4961472
0.6647949
1.0509186
0.49347687
2.3227959
0.12270737
0.97885895
0.9163742
1.5580406
1.0811958
0.120224
2.5605698
0.74547577
0.65515137
0.6934967
1.7810211
2.8736725
1.9923134
1.032608
0.13183975
1.2995834
0.198349
0.8623009
3.7923927
2.831009
0.016029358
1.8076553
0.31282043
1.3846054
2.740654
0.68685913
2.09301
2.960144
2.3417435
1.0379791
1.3375778
2.005455
1.9583511
2.304718
10.434525
9.696663
1.4588394
3.2935486
2.2540054
0.02419281
4.5038605
10.99028
1.1847229
6.945511
2.4190674
3.0961304
3.1200256
0.26593018
1.0656738
7.8633575
2.2669067
5.527603
3.5714264
0.8270569
2.5572662
9.104904
4.150879
1.9933014
10.129822
0.43289185
4.686371
14.776886
0.4721985
0.55459595
2.8233337
1.6721954
4.210541
5.492798
8.027176
11.027069
1.2613525
1.680542
1.7071838
19.766693
9.429443
0.6741638
3.7202454
23.351532
4.505707
3.1566772
5.9643555
4.329773
18.126678
14.52182
4.701233
12.354431
0.08642578
5.3413086
26.188477
Total Time: 415.7971
