0.53161716
2.1755695E-4
3.4689903E-4
9.316206E-5
3.1083822E-4
1.4066696E-4
2.425909E-4
3.132224E-4
2.7000904E-5
5.799532E-5
6.200075E-4
3.272295E-4
7.337928E-4
5.272031E-4
0.0031462312
1.1986494E-4
0.004163265
0.00865972
0.0022495985
7.510185E-4
7.67231E-4
0.036957443
7.173419E-4
0.028501034
0.036043048
0.17711753
0.12962139
0.03603655
0.13664252
0.05747783
0.07760072
0.03640127
0.032548785
0.025894523
0.0026654005
0.011184812
0.0074386597
0.005549431
0.06522131
0.011810422
0.012311459
0.028817177
0.0157938
0.10334492
0.22629082
0.10866344
0.15587997
0.2544284
0.29889345
0.33470774
0.092226505
0.16146183
0.09068227
0.08997607
0.06356883
0.1272471
0.10268688
0.45601702
0.43678808
0.114477634
0.047132015
0.04162073
0.08934736
0.24079561
0.124109745
0.15005827
0.119904995
0.094497204
0.29456043
0.17300177
0.08726883
0.08876085
0.06011772
0.2024908
0.22692633
0.30396318
0.045954227
0.014503002
0.11302328
0.21328306
0.119757175
0.2019844
0.0019226074
0.042128563
0.07273245
0.1507268
0.07307243
0.06338692
0.113986015
0.047397614
0.0053749084
0.12831783
0.2611122
0.041734695
0.03992653
0.018273354
0.31406116
0.10614967
0.18548489
0.47960472
0.017349243
0.05685711
0.016134262
0.06551838
0.4122448
0.01475811
0.18531418
0.052829742
0.08398342
0.1331482
0.05873394
0.21534348
0.06278801
0.20783424
0.3366909
0.05367756
0.013112068
0.07488537
0.022371292
0.06292343
0.047245026
0.058442116
0.39904976
0.14668083
0.046341896
0.048264503
0.015644073
0.3836279
0.011814117
0.025676727
0.39313316
0.021357536
0.13995457
0.4035101
0.1991291
0.01012516
0.0352602
0.08153725
0.026564598
0.10971832
0.4002676
0.06554127
0.09516716
0.14687443
0.66427803
0.41443062
0.15085793
0.2526245
0.059667587
0.16675568
0.21037292
0.40043068
0.38175774
0.1891613
0.65585136
0.02861023
0.5414276
0.033512115
0.27087212
0.033252716
0.33184814
0.10732269
0.022340775
0.5441952
0.17511368
0.25995445
0.47556686
0.2490406
0.40080833
0.23195267
0.064216614
0.3783455
0.20951271
0.8062782
0.29060555
0.22502327
0.24839401
0.0033740997
0.12924194
0.16277122
0.42694283
0.098285675
0.09993553
0.28652763
0.0066108704
1.2827034
0.16437721
0.24663925
0.37778473
0.3900566
0.35074615
0.16629791
1.0152836
0.10212898
0.35895157
0.44464302
0.69150925
0.1657486
0.3077793
0.03227234
0.26730347
0.023082733
0.8289108
0.17825699
0.17826843
0.088588715
0.5525398
0.83249664
0.26343155
0.23720932
0.053649902
0.08839035
0.28841782
0.15649796
0.012805939
0.021556854
0.06904602
0.059329987
0.3976097
0.2770157
0.650486
0.019428253
0.5256386
0.012565613
0.5337639
0.23279572
0.5299072
0.6963196
0.7864647
0.067424774
0.013744354
0.82086945
0.48331833
0.41696548
0.34998703
0.0231781
0.92141724
0.0040283203
1.2693176
0.03592682
0.9310188
0.32393646
1.5250626
0.39110947
0.16160965
0.6716919
0.20475006
0.22542572
1.2145386
0.86787033
0.5372238
0.31608582
0.9927597
0.73999405
0.07911301
0.0021705627
0.2263031
0.5555496
0.26685333
0.5608101
0.12768555
0.3296814
2.7001915
0.048484802
1.5308342
1.2178421
0.14710999
0.95926285
0.3656273
0.01851654
0.28837967
0.96977997
1.9195709
0.82910156
2.7486725
2.7486725
2.7486725
2.7486725
2.7486725
2.7486725
2.7486725
2.7486725
2.6286392
Total Time: 92.30911
