0.5316164895848846
2.1758410875372114E-4
3.469128233888341E-4
9.327241353684901E-5
3.107352588528345E-4
1.4074019197263254E-4
2.425636713312418E-4
3.131124862784107E-4
2.6983245514200505E-5
5.8096090949089074E-5
6.199667273191212E-4
3.26999764015512E-4
7.339724653869784E-4
5.31936051823001E-4
0.0031505213010961652
1.208561095976668E-4
0.004173495316413645
0.008673031046700252
0.002239501428674351
7.60004062171693E-4
7.550461788242702E-4
0.036946167593947865
5.335416464627984E-4
0.029210808320540016
0.03537500335264454
0.17726223636530858
0.12961318321362236
0.03278322222238528
0.1398833880188386
0.05748606457928496
0.07759702532520873
0.036378455686558064
0.032545051610303855
0.025964150474671932
0.002718520196798302
0.011077341049832379
0.007544556668458435
0.005675295072317121
0.06581287213711406
0.011411087104665985
0.011871287528459007
0.028834266579584433
0.01578740007307422
0.10352186387496132
0.22669329325551257
0.10804398824725925
0.15564915123579226
0.2546685454839688
0.3007476541067171
0.35994383791665996
0.06515038196540424
0.16313641744222718
0.08993102056047464
0.08899049481998489
0.06254016859638956
0.12485257362579993
0.10604053228680854
0.4551481553647636
0.4377890179598447
0.07018603500892517
0.046594122986842734
0.05884377701777854
0.036902025593574805
0.11385723024500205
0.20677962348264511
0.12343777688497148
0.15388677831530995
0.11619293159659705
0.024616735443067306
0.3722864138407891
0.005562249459917901
0.13478926317422157
0.03187427335605442
0.31286455599934904
0.05548257666830647
0.056317002465046784
0.04888564267189999
0.046863713389684314
0.14930954378865824
0.22327964078228302
0.004060266324169781
0.07172703012528192
0.060448741406241346
0.033060671163982924
0.04645333068228741
0.10299534746845929
0.5349378492130015
0.07944209975388183
0.07595668813571699
0.036234427282371584
0.07367153272508631
0.24681559957969235
0.08153566998460349
0.19429300338381772
0.11067955230432958
0.08817829332810945
0.010840037454554974
0.23016394523180317
0.09638990093009348
0.02968939531812609
0.006734496330143003
0.011082506958164373
0.022324597682677805
0.0024018086126265104
0.21328932655275423
0.044402960188490326
0.04275395173939245
0.005766131318965861
0.1554466942535928
2.06822891030356E-4
0.0070245224002558615
0.10803307391052641
0.05071172349014219
0.26681891825304227
0.47013185412121494
0.002958806258979152
0.0345560524071864
0.15460478975611913
0.4137255200615133
0.3919538572946042
0.07498534940009272
0.1593466790855338
0.3966043610980474
0.06469444612082853
0.07935847302916166
0.02359539609873096
0.3775038488178346
0.024559850133208272
0.41703909714573584
0.041769516597145895
0.05128347444711956
0.04082929136421676
0.12021604997132407
0.021708762244347923
0.5103766430420009
0.2582910305978974
0.04043169092010679
0.39187214926440106
0.6925230817289219
0.09606943183860395
0.03748808285037164
0.02680741519157337
0.0024203408798211257
0.03429816974584732
0.0901515974750815
0.026510385931905134
0.20937330273768495
0.1459727734332983
0.008119891172942317
0.2594344788506753
0.2979511302716453
0.31632899362206857
0.34256860155180746
0.599340780009058
0.3534031838719933
0.43621771768672346
0.5045329139855532
0.36916790651673637
0.6955849526008215
0.02351796303413778
0.057447223574541795
0.34695749426014544
0.05458758035090838
0.03277672203966375
0.011702661471943543
1.4189319288143132
0.41298510111617404
0.07146125842547235
0.5647042303756855
0.0644106167895302
0.3498501056190584
0.47473751968858835
0.16006191541800163
0.8286118772193305
0.13099403909437157
0.5882376784818248
0.04555019471343158
0.684325821272104
0.27783626311547494
1.5247808564201648
0.47168484788456055
2.020842364536456
0.006322992126115423
0.03364293097404314
2.5324931355211717
0.09991140565612255
2.086057388070259
0.02628802002517716
0.18921395683054953
1.9327670895506657
1.0170393659877206
7.550050318134836
0.3604495991679997
3.6647877812309275
0.2385387840238593
10.896654170942902
2.0484020120333923
6.653582142050489
2.709978933808614
6.708640863791459
1.219655564081208
1.548257465300864
4.413996703806731
11.257006468056133
1.8805206090640354
0.7530235198600934
2.0360358062674067
11.001423236671329
0.13734085767532633
6.391613389834816
9.142048924352736
0.4302536006504596
Total Time: 127.81074014478672
