0.5313677242564971
4.5446388673830995E-4
9.483062443371715E-5
1.441092262923771E-4
4.516090992450206E-4
2.0468573380594268E-4
1.5782641046735435E-4
1.8669465362175508E-4
2.3598537270075326E-5
7.715064065842991E-4
1.7784842141455037E-4
0.001324257999614331
4.7863441085782554E-4
0.0013084679811463662
5.298668741517965E-4
0.0013484042981193323
0.002261777880121274
0.0013765846178138696
0.002303376566937021
3.353069682798804E-5
6.49256038330881E-5
0.05046230470788893
2.1206941019369374E-5
3.1724980729253005E-4
0.04403767749155274
0.15642874625457592
0.028704410604192376
0.09840012161155665
0.053761747764903056
0.005201976778620554
0.18118611579114852
0.0685534962001646
0.1923264750410243
0.0016447616461161552
5.209736208848792E-4
0.00801156540283432
0.0021948356569911898
0.00854458395125035
0.02242211607950373
0.02966512344224803
0.10137660291826078
0.06674796524998072
0.25726692767704273
0.3249668693911938
0.030669424371287946
0.06711961961704649
0.0010181901625321288
0.3901847809063348
0.24162095447592913
0.3297411471995413
0.0144291894499613
0.12358248325915122
0.25005400627631547
0.18908840463965193
0.24966781763915735
0.04563162988879643
0.28097154287772597
0.08414515396927058
0.04204435227811931
0.1338549767453534
0.2794572944401006
0.1941256703148504
0.03053886425394925
0.044010432683107226
0.18623627678923604
0.13187551607989878
0.12071755839116971
0.04486323152304372
0.031257129879479706
0.19375052531817705
0.015667446938226526
0.2163362062910359
0.03962869570292504
0.25866961246169407
0.03466543320979465
0.02395271185334913
0.06590520220227081
0.1380701796245125
0.01894430667512026
0.20819884264214483
0.2672944198722096
0.15671970931808854
0.05268038109534512
0.2987901442637053
0.08473603769747484
0.31778833820466
0.15579802097516549
0.0742502658949924
0.06838067644126866
0.05881453602320974
0.048776333045355
0.2879633791469498
0.13707984285682606
0.12499501083882691
0.248135625586686
0.17616728370222567
0.17616409226263663
0.28977938005980164
0.03265512572762219
0.1349692163752998
0.24473777037210453
0.14703928229470087
0.1936224928832715
0.159817846961408
0.1911543217294991
0.0012638947711938187
0.05388470487020136
0.3440327388874227
0.07366875118663252
0.0367178835112032
0.5201986214588743
0.1934713194516675
0.19076383129768004
0.12276245046923506
0.0076361624037737386
0.24018761640187414
0.002294899759865743
0.05829608848180712
0.2257769292409879
0.30286440066227094
0.6499435544528609
0.26411663832511145
0.16668030311206117
0.2259310390334317
0.17814733612877554
0.11668288048774045
0.1070809604460159
2.0268853465972363
1.2783485426562606
0.4291910348961636
0.33034579465586944
0.9949053168125666
2.1241894207906995
0.28498439189052505
0.45058236512025474
0.28162442649252384
0.9804496076996756
1.1616096645581742
0.8601588602790322
2.035240479576739
0.5734638282161946
0.6628327930216926
0.4628878233350342
0.6888560921231601
0.47578601971435575
1.6492415006513852
0.9205413116607559
0.2679913056087031
0.7644100207072526
0.3624977726091174
0.45681790702358427
0.2113902135286594
1.4626071308405741
0.16429801219214824
0.04441256163961782
0.040188784576422165
1.4825797693082308
1.62907415335048
0.43435299226075585
3.0438872126727787
0.33608748478718553
0.4329314271124005
0.5248336888086982
1.8307857486888537
0.947131907211606
1.7920773339855245
1.8049647368028516
3.5959172785949534
3.1590979951869755
0.9403452860026391
1.4037138495420862
1.7889470326619303
8.09974174836892
2.450758240689794
1.8695277663862697
5.3677871020411345
1.604329521455739
1.3289441752389024
4.512917592143324
1.394996397227814
4.055544465962896
4.89108270545745
0.4074475729527336
3.9344350156644765
0.9204650280693585
13.763041129196012
0.13342582837756822
17.612163263985508
12.375965662619592
64.00148466165675
64.00148466165672
64.00148466165672
40.881574268149905
23.119910393506814
64.00148466165672
64.00148466165672
64.00148466165672
30.137629537262683
33.863855124394036
64.00148466165672
64.00148466165672
64.00148466165672
19.393684806375404
44.607799855281314
64.00148466165672
64.00148466165683
64.00148466165683
8.649740075487898
55.351744586168934
61.575364449478684
Total Time: 1233.1243944059927
