0.53136826
4.5448542E-4
9.4890594E-5
1.4406443E-4
4.51684E-4
2.0468235E-4
1.578331E-4
1.8674135E-4
2.3543835E-5
7.714629E-4
1.7791986E-4
0.0013244152
4.74751E-4
0.0013205409
5.2171946E-4
0.0013509393
0.0022523403
0.0013791919
0.0022974014
5.054474E-5
5.978346E-5
0.05047381
5.221367E-5
6.506443E-4
0.043658257
0.15599507
0.029151082
0.097828805
0.054339647
0.0052018166
0.18119383
0.06855774
0.19232845
0.0016493797
5.197525E-4
0.00803709
0.0021663904
0.008364081
0.022665024
0.029610872
0.10113788
0.06693995
0.25733483
0.32497668
0.030323267
0.06767154
8.3208084E-4
0.39020467
0.2415576
0.32787037
0.016192436
0.123799324
0.25007915
0.18904185
0.2496686
0.04574251
0.28172636
0.08336592
0.045018196
0.1307354
0.27216864
0.10554695
0.082677364
0.1397109
0.04981661
0.14712763
0.14198875
0.048135757
0.076236725
0.41930437
0.045946598
0.28247356
0.11508179
0.77688503
0.049994946
0.009258747
0.0868516
0.122262
0.11952686
0.19378138
0.12188625
0.23174095
0.22437096
0.10919285
0.3816309
0.30912495
0.029169083
0.16863918
0.1199007
0.5121832
0.22438526
0.013000488
0.09051132
0.09876156
0.09648228
0.27815247
0.21514511
0.029982567
0.1376667
0.12621975
0.74559593
0.40202808
0.1931591
0.41933537
0.1072216
0.4076252
0.16793537
0.016803741
0.2658167
0.15065384
0.035904884
0.11082554
0.24434376
0.2644167
0.8083925
1.610322
0.36079407
0.33769417
0.37761497
0.13036537
1.5881214
0.24230003
0.052999496
0.31482887
1.009922
0.7909908
0.31605148
0.29221344
0.29468918
0.09842491
0.24163246
0.6889496
0.096689224
0.42281342
0.25401878
1.5814533
0.609581
0.30370903
0.1818142
0.15417099
1.1035061
0.09187126
0.10816574
0.9667301
1.1449413
0.28723526
0.86810493
0.6509285
0.50543976
2.3117065
1.2089615
1.102745
1.3059311
1.0646095
0.1800232
0.036575317
2.433422
2.6500206
2.6500206
2.6500206
2.6500206
2.6500206
2.6500206
2.6500206
2.6500244
2.6500244
2.6500244
2.6500244
2.6500244
2.6500244
2.6500244
2.6500244
2.6500244
2.6500244
2.6500244
2.6500244
2.6500244
2.6500244
2.647667
Total Time: 101.885925
